42 0
152 0
523 1
382 2
922 3
872 4
890 5
730 6
703 7
209 0
579 8
723 9
148 10
271 11
554 12
331 4
830 13
848 14
856 3
902 15
65 16
602 3
546 0
104 17
537 18
63 19
350 20
511 21
102 22
203 23
589 24
368 17
943 25
516 22
19 26
221 4
12 26
83 0
329 0
770 27
460 0
548 0
693 0
66 28
633 29
483 30
317 4
76 31
98 32
772 33
450 16
182 17
681 20
300 0
834 34
361 31
409 35
543 16
133 0
162 0
609 36
255 0
220 4
440 16
457 37
782 38
757 39
534 40
434 0
544 40
649 41
771 42
606 43
432 44
858 21
232 16
195 45
956 3
38 35
113 31
310 4
517 22
977 46
508 47
626 48
499 3
18 4
348 49
886 50
482 12
997 51
900 52
72 53
464 54
747 47
279 55
927 56
468 6
273 8
530 57
413 16
673 43
762 22
560 4
577 58
97 32
428 8
426 16
953 51
233 0
10 59
119 60
386 61
792 5
291 16
934 62
680 63
894 64
188 47
183 0
596 65
267 26
712 66
954 67
441 26
47 31
132 11
798 68
859 19
785 42
68 47
459 4
197 23
236 56
645 69
353 32
945 70
1 4
615 0
319 56
78 71
923 9
128 0
229 72
740 73
559 74
861 20
765 3
1004 75
185 32
692 76
582 47
656 77
50 44
809 11
343 49
375 28
430 3
424 0
565 78
790 40
408 19
833 79
354 32
283 0
420 0
479 80
721 72
684 81
299 82
642 0
471 83
671 47
737 84
776 23
365 0
639 24
25 35
373 0
211 0
716 15
913 3
93 16
304 85
114 0
40 35
774 86
862 87
990 45
264 26
815 19
979 88
157 17
867 89
831 90
619 91
598 12
887 92
439 93
591 94
224 4
13 0
980 39
404 32
654 0
180 49
845 19
101 32
717 95
713 96
708 32
67 97
265 26
981 31
111 28
709 32
121 0
376 17
676 98
931 56
214 49
791 99
422 0
435 88
725 31
370 31
752 0
810 100
320 17
884 101
377 17
678 47
28 35
129 0
159 56
614 102
284 49
5 0
764 103
920 104
622 105
912 106
296 17
168 16
510 3
17 4
668 107
982 108
769 74
77 71
337 109
107 0
564 24
153 0
55 11
32 35
659 110
690 88
957 111
272 8
163 0
15 8
761 112
231 49
186 0
877 50
431 44
189 47
95 23
179 17
701 0
526 16
909 48
184 47
70 44
629 77
536 113
903 114
458 16
635 115
302 85
360 3
239 116
797 117
889 118
677 119
966 120
599 121
346 49
759 122
907 114
995 66
672 123
875 124
1002 61
500 3
700 26
513 0
839 125
941 47
151 35
719 126
778 73
935 127
968 128
698 11
910 129
94 23
996 130
994 131
378 17
581 71
704 0
550 47
715 132
1000 133
398 2
387 17
503 134
207 23
663 47
85 4
888 101
388 17
650 62
406 134
711 135
811 71
727 136
0 4
763 0
840 16
866 137
569 3
27 35
942 104
226 4
120 4
777 12
918 23
127 138
416 64
79 71
202 99
143 28
783 139
475 140
847 31
258 28
170 0
624 141
86 0
879 46
487 3
80 0
367 0
628 142
135 109
498 3
950 0
854 143
868 54
929 8
816 60
939 20
363 0
218 4
51 23
578 58
321 17
549 47
691 144
419 0
573 145
345 49
627 47
240 56
733 9
924 85
863 146
335 8
359 3
584 147
4 19
20 0
39 35
147 0
165 35
567 148
287 113
248 4
951 111
339 35
392 17
138 19
449 80
612 0
436 149
250 17
842 150
357 28
177 4
461 8
384 17
477 28
37 35
978 52
478 28
417 31
695 151
87 0
278 49
391 17
683 152
908 23
865 121
638 24
154 0
665 19
89 85
175 153
808 154
558 3
646 152
735 8
818 138
497 71
280 0
911 155
142 0
274 8
418 47
198 23
630 156
873 157
988 36
333 0
352 20
253 0
303 0
364 158
885 92
298 113
390 17
245 31
819 159
176 77
989 160
201 23
640 32
115 0
356 0
389 17
23 35
973 161
473 0
235 56
738 11
722 162
686 65
660 163
26 35
905 4
773 164
446 8
915 162
96 109
225 4
611 165
841 166
108 28
570 26
803 45
8 145
45 8
338 109
784 167
141 3
799 132
7 3
362 0
984 168
608 78
60 17
652 169
870 157
448 8
178 77
314 4
213 3
268 4
936 147
412 19
58 0
960 170
789 171
509 47
538 57
850 119
906 69
327 70
358 3
174 19
11 3
732 172
208 11
917 23
697 173
61 17
123 52
212 0
718 75
802 79
998 129
661 26
22 138
944 174
88 85
44 3
539 71
166 0
16 0
204 23
57 19
328 28
344 77
466 3
116 35
515 16
707 26
786 175
262 10
311 4
1001 45
210 0
714 16
616 88
741 176
593 23
56 19
379 17
736 177
760 178
618 32
276 65
415 173
617 8
316 4
46 8
443 31
804 78
49 44
807 179
158 56
781 180
442 31
318 31
397 17
514 28
574 157
502 134
829 1
827 123
828 118
932 0
632 126
674 130
643 44
41 23
895 0
542 16
812 19
469 28
173 0
313 4
324 78
820 0
308 0
493 16
904 181
369 156
597 65
745 88
753 60
81 0
758 4
662 32
561 182
702 0
172 16
385 17
844 73
987 52
993 183
876 24
494 0
476 28
237 56
563 184
587 185
860 52
301 65
817 40
6 19
196 23
881 186
748 0
588 35
438 35
947 142
36 35
292 16
381 17
525 3
99 32
794 98
35 35
401 157
325 70
855 128
976 31
613 187
983 30
53 18
919 31
155 0
949 11
282 0
336 109
187 0
594 188
580 189
205 23
234 56
545 35
964 116
109 190
125 32
312 4
191 49
601 0
825 9
355 0
531 71
456 164
728 59
801 191
131 11
946 192
295 17
259 138
261 35
14 16
492 0
309 4
144 0
393 17
33 35
249 0
734 151
437 109
126 11
444 31
838 193
914 52
103 17
293 3
297 4
90 28
150 17
851 20
30 35
604 194
484 184
553 12
171 31
74 4
472 83
930 56
603 80
91 28
169 0
341 4
961 195
451 3
427 0
396 17
294 16
749 196
332 3
726 179
837 34
901 108
955 23
2 19
247 26
724 93
575 49
795 197
824 198
524 53
551 47
751 199
227 151
410 200
504 3
277 49
106 0
217 44
846 117
959 201
206 23
474 28
1003 202
281 19
322 8
897 203
720 78
243 56
215 4
689 204
766 12
349 10
647 88
592 8
149 49
402 10
975 161
892 205
192 22
682 100
269 8
488 3
985 206
161 26
826 45
878 35
896 0
257 49
965 127
251 109
286 19
193 45
447 8
562 16
326 0
263 31
585 207
775 4
64 0
254 0
522 1
480 47
937 32
92 138
194 45
275 16
788 95
139 8
238 56
445 71
625 185
637 208
657 209
307 4
82 0
330 52
679 47
925 31
605 117
289 157
664 157
921 19
71 44
414 80
571 19
421 3
140 8
595 180
621 49
669 192
822 184
636 0
962 210
62 0
891 205
813 16
122 49
518 0
395 17
105 0
219 4
739 211
246 3
411 11
491 60
836 212
731 213
305 19
710 47
181 17
607 0
743 22
266 78
342 49
400 59
495 0
241 56
167 23
505 134
552 11
75 109
54 11
843 148
746 214
974 23
347 215
767 0
696 4
351 49
651 141
967 3
407 134
244 56
340 0
999 94
433 44
380 17
429 8
572 184
600 207
405 0
823 26
853 216
705 157
24 35
230 217
160 0
675 218
583 219
190 0
729 41
644 220
374 134
986 60
648 221
871 222
506 3
623 99
685 19
223 4
756 187
821 169
252 19
306 0
835 171
940 223
124 32
216 8
59 19
805 73
874 157
528 220
556 52
519 175
814 215
315 151
453 0
970 224
199 23
566 26
926 56
540 225
952 225
796 118
512 226
610 91
463 182
521 12
620 227
666 26
744 228
969 229
586 45
100 32
462 0
481 11
490 0
576 230
899 19
694 212
800 67
455 31
137 19
963 56
658 231
754 78
452 3
864 232
928 233
971 73
958 210
403 16
29 35
547 31
117 234
288 44
130 49
699 3
323 32
242 56
489 0
394 17
136 109
112 28
425 157
383 235
849 236
228 4
285 11
883 35
21 0
634 115
793 234
916 80
706 212
972 237
334 8
31 35
48 31
118 55
527 31
532 153
399 16
557 71
687 32
256 0
869 166
9 3
34 35
857 65
852 173
779 97
893 73
366 0
641 0
787 238
750 85
69 47
145 0
200 23
992 239
832 45
371 0
372 0
423 31
655 240
755 233
938 165
768 32
880 19
3 19
882 241
507 240
568 37
742 102
470 60
465 175
454 242
533 0
529 3
146 4
73 4
667 47
52 18
670 243
991 19
164 8
222 4
156 69
84 0
467 82
485 31
43 134
520 19
590 35
653 244
898 217
535 12
134 12
270 165
555 78
806 85
290 0
496 3
631 245
260 59
780 246
933 8
948 247
486 0
541 103
501 3
688 230
110 28
