369 0
141 1
184 2
693 3
228 4
608 5
461 6
488 7
3 8
290 9
457 10
413 11
509 12
518 13
591 14
200 15
825 16
626 17
819 6
193 18
318 19
856 20
335 21
767 18
803 18
885 22
776 23
907 24
43 25
19 26
476 27
656 28
745 29
435 30
953 31
614 32
64 33
240 34
148 35
33 36
248 37
445 38
559 39
766 40
85 41
976 42
659 43
855 44
244 45
502 46
905 47
144 48
842 49
719 50
562 10
9 51
347 52
649 53
358 5
38 54
364 48
496 7
536 55
346 56
889 57
830 58
916 59
42 60
6 61
137 62
957 63
482 64
70 65
582 66
67 67
168 68
307 69
612 60
395 70
135 71
173 72
360 73
942 30
500 74
121 75
544 76
60 77
81 13
28 78
798 79
600 80
540 81
796 57
964 82
780 83
908 84
58 85
250 86
671 87
618 88
154 89
978 90
677 91
484 92
186 93
287 94
648 95
845 96
821 97
215 98
947 99
521 100
678 101
221 102
399 103
251 104
880 105
431 65
1 106
556 107
14 108
610 109
315 110
939 111
709 112
397 113
988 82
742 32
76 114
29 115
568 116
276 116
741 86
87 17
788 117
343 118
174 119
872 69
687 112
78 120
162 121
673 122
898 123
493 124
23 125
158 126
167 108
851 127
935 128
95 84
134 40
325 129
930 130
530 131
870 132
863 133
985 134
552 135
118 136
514 137
179 77
211 138
293 139
383 140
778 41
888 141
814 52
990 142
8 143
700 144
2 145
890 75
781 146
877 147
635 148
312 4
106 149
508 66
214 150
103 151
955 152
443 153
811 154
301 155
12 156
194 157
690 158
882 159
566 160
735 161
834 162
933 163
507 164
412 141
563 165
747 166
787 167
859 8
90 168
342 169
432 65
995 170
180 149
127 171
128 172
993 173
100 174
588 175
826 142
763 176
156 177
772 178
920 30
166 159
299 44
384 179
533 149
835 180
854 119
911 181
752 182
902 176
732 183
812 147
561 184
828 57
743 185
960 43
970 186
704 162
275 187
133 108
202 188
394 99
583 100
737 189
768 128
569 190
749 23
553 64
524 191
30 115
96 49
624 192
546 193
708 194
382 140
513 195
107 162
773 196
199 91
139 197
926 198
253 199
254 200
277 201
333 202
92 171
471 87
647 203
548 204
660 205
219 206
374 74
597 207
197 208
574 132
555 209
370 153
185 112
675 210
59 157
170 211
489 212
140 213
510 214
535 215
595 208
833 20
840 10
143 216
596 207
481 217
390 70
585 80
71 65
436 218
981 219
239 220
213 51
280 221
125 222
477 168
721 55
523 223
352 224
621 146
437 218
706 223
165 104
966 225
472 109
490 226
810 45
111 227
879 228
720 209
601 8
584 165
922 229
292 230
381 231
662 174
51 186
901 62
398 140
866 232
769 39
433 48
824 233
829 234
101 235
789 180
104 151
838 236
996 156
950 237
1002 238
853 239
703 240
279 136
750 241
203 234
689 242
761 243
426 244
115 33
517 185
349 35
794 21
871 245
857 233
589 246
670 247
62 78
73 248
609 82
736 202
283 221
321 249
844 250
245 251
177 252
407 46
212 149
99 253
232 1
494 221
883 254
987 255
45 256
124 236
762 257
971 250
39 115
317 248
310 258
499 1
983 259
464 260
74 72
711 261
13 172
10 72
187 262
771 212
962 263
770 264
694 265
152 266
816 255
359 267
49 268
201 269
15 197
63 155
377 43
702 270
289 201
807 271
291 272
77 120
205 273
958 263
416 274
372 275
925 273
967 276
466 277
775 238
271 189
483 224
503 46
722 54
634 148
136 278
195 279
351 169
974 280
234 281
268 282
785 175
937 253
784 283
329 2
438 284
357 285
281 286
444 219
350 111
220 287
198 242
226 288
371 13
454 285
467 289
570 160
298 164
617 88
579 290
55 291
625 173
56 292
44 73
519 293
191 233
17 149
580 294
308 295
822 92
418 166
969 12
848 38
266 5
4 155
206 296
288 297
356 226
652 298
1001 142
439 299
633 300
422 125
929 163
572 92
731 301
938 230
602 106
145 14
5 176
682 118
699 96
765 139
910 182
629 302
261 303
945 129
82 239
282 33
91 137
917 280
79 206
498 73
365 288
730 304
805 305
968 44
192 271
176 15
401 306
112 27
181 307
941 225
558 308
628 99
252 85
862 309
462 184
218 4
799 310
506 311
368 312
241 34
480 313
875 211
415 314
160 85
951 63
309 102
892 315
876 316
26 115
505 25
557 269
622 220
31 317
512 121
791 188
977 228
404 318
458 319
448 256
560 238
793 320
57 133
538 131
774 321
932 270
961 43
442 322
792 75
131 323
527 219
501 74
630 0
37 317
758 216
782 324
188 13
20 289
231 245
603 59
878 36
896 312
590 115
151 115
615 325
931 198
525 326
119 114
230 123
643 268
316 302
823 308
216 290
733 327
631 328
72 191
150 77
707 267
755 138
683 286
120 235
451 7
278 172
249 85
571 135
989 137
497 154
116 104
756 329
122 28
11 26
75 71
809 217
897 330
550 313
664 265
46 197
979 29
344 15
686 251
242 228
305 331
864 283
650 98
865 157
729 53
504 276
886 332
906 177
655 333
373 275
954 89
667 66
208 193
740 186
65 182
921 105
899 145
391 334
746 335
40 115
262 28
361 336
565 337
636 138
849 338
994 61
991 339
684 340
94 150
1004 291
430 341
943 342
34 343
712 170
999 14
724 299
114 344
806 345
632 50
903 24
273 6
695 110
554 64
644 213
130 346
804 337
334 163
526 324
474 125
409 347
402 35
159 328
837 162
541 307
904 249
161 348
751 296
972 229
725 153
627 101
238 220
492 60
255 349
417 350
16 33
691 351
50 268
269 352
469 168
86 78
123 317
665 332
839 233
429 290
818 225
376 134
815 353
324 209
843 354
22 171
668 355
928 138
93 356
84 83
485 322
222 181
573 51
577 357
7 20
367 200
403 358
653 359
936 152
923 16
338 299
147 149
478 298
511 56
847 273
891 315
520 339
757 357
345 93
452 58
423 322
491 204
846 127
663 262
89 284
233 281
406 46
739 190
717 117
913 229
284 360
606 122
611 230
379 140
456 196
861 111
313 248
495 122
405 196
236 361
522 165
396 295
713 12
797 362
320 363
534 76
637 281
754 214
895 350
604 319
425 132
225 329
801 364
973 250
952 81
235 361
661 365
893 277
479 187
982 62
696 47
178 224
97 174
428 366
340 104
685 203
172 108
680 334
355 193
959 43
723 327
182 295
257 272
997 31
68 287
790 76
783 130
940 356
32 254
88 241
142 221
207 84
294 150
529 326
460 202
688 341
387 338
209 367
715 310
578 357
470 303
705 306
651 192
48 336
852 314
948 231
779 368
175 297
676 366
841 113
53 358
575 169
697 369
463 184
528 331
786 293
69 2
421 326
873 132
21 167
986 303
759 370
992 371
311 329
441 348
593 280
36 343
434 33
567 354
330 107
129 371
414 59
18 362
138 105
66 67
300 367
598 64
698 217
894 274
619 320
259 191
924 96
83 172
302 284
306 372
449 59
47 336
547 336
190 2
270 244
613 320
710 166
539 120
549 313
475 373
744 374
149 201
965 152
98 318
515 375
389 70
728 215
887 22
246 53
353 264
400 72
420 172
362 26
155 13
998 182
303 155
914 255
666 26
354 222
640 253
642 195
681 118
820 33
918 280
227 199
949 217
1000 296
581 258
858 372
453 349
295 342
874 132
153 125
164 197
718 291
654 318
285 321
657 352
223 252
267 267
337 278
592 197
473 2
777 309
105 344
80 232
61 77
196 84
831 376
247 160
909 124
243 34
836 223
795 350
171 333
468 304
537 358
117 347
764 68
605 127
385 70
274 256
427 125
551 327
641 377
326 19
447 158
157 355
827 311
331 252
956 144
760 21
328 137
944 378
440 365
587 379
450 108
946 377
392 151
113 259
375 373
210 193
263 330
27 115
341 37
748 378
639 126
487 305
915 54
265 365
832 379
734 360
800 94
679 262
446 290
623 188
716 176
260 237
110 227
753 90
183 155
237 34
297 47
542 11
738 279
808 380
323 318
314 288
169 104
599 194
620 9
701 184
900 90
41 364
963 34
189 225
264 348
980 303
224 102
109 186
726 266
102 185
393 243
594 275
927 198
1003 376
304 345
674 214
867 40
258 376
256 344
419 344
532 292
378 77
132 85
322 161
339 153
336 278
919 42
638 246
465 293
727 260
850 91
869 113
884 141
408 173
366 3
388 179
163 97
984 67
380 334
52 208
25 343
545 175
607 349
319 361
645 369
616 106
868 363
658 381
348 35
332 326
646 323
802 376
146 368
813 103
411 283
363 13
516 257
486 244
386 238
296 221
669 130
24 82
975 250
586 279
459 370
126 367
327 274
860 90
54 292
272 256
217 65
35 115
286 353
543 341
817 375
672 143
912 139
692 346
424 33
714 325
934 282
0 235
108 67
564 316
229 55
576 324
531 200
455 284
881 49
410 226
204 356
