360 0
361 1
612 2
746 3
162 4
261 5
271 6
384 7
616 8
852 9
666 10
439 11
566 12
91 13
48 14
267 15
615 16
762 17
905 18
20 19
986 20
906 21
38 22
693 23
200 24
968 25
563 26
596 27
152 28
478 29
680 30
928 31
418 32
146 33
496 34
111 35
588 36
817 37
828 38
722 39
466 40
648 41
540 42
322 43
408 44
812 45
80 46
776 47
573 48
628 49
640 50
819 51
594 52
9 53
884 54
399 55
843 56
493 57
281 58
806 59
879 60
726 61
472 62
855 63
911 64
820 16
732 65
883 66
481 67
730 68
764 69
912 70
3 71
692 72
358 12
290 73
513 74
78 75
411 20
748 76
173 77
750 78
918 79
375 80
579 81
716 82
675 83
930 84
950 85
985 86
598 87
635 88
523 89
931 90
953 91
338 92
591 93
284 94
120 95
728 96
462 97
155 63
988 98
528 99
503 100
715 101
889 102
141 103
371 104
491 105
957 106
524 107
751 108
784 109
142 110
305 111
761 112
822 113
222 18
137 6
840 114
391 47
992 115
329 13
436 116
39 22
193 117
847 118
430 97
777 119
417 120
671 121
376 86
43 122
486 123
226 124
972 125
231 126
123 127
431 128
470 129
610 62
900 91
117 130
948 131
10 132
567 56
67 133
110 134
373 135
448 136
187 137
633 138
683 139
350 140
853 141
25 142
613 143
182 144
556 145
244 146
977 147
706 148
367 149
396 150
192 151
755 152
631 153
768 154
913 125
298 155
409 156
363 157
352 158
864 159
597 160
867 161
136 162
181 163
801 164
19 165
995 166
484 167
214 168
100 169
143 170
570 171
999 172
653 173
318 174
471 175
581 75
309 95
826 117
908 79
362 34
511 176
179 168
565 177
967 178
818 179
223 130
973 180
190 181
55 182
731 183
480 184
898 185
688 186
798 187
665 188
668 189
601 190
747 191
780 192
858 193
374 194
349 195
823 196
171 197
554 198
749 199
403 200
622 201
832 202
942 203
83 23
342 204
690 205
787 206
789 207
707 208
1002 209
125 210
964 211
803 212
954 213
41 164
624 214
925 215
576 216
909 217
970 218
461 214
816 219
389 49
356 2
74 69
956 220
464 57
695 221
944 76
71 128
903 222
56 111
234 223
846 224
180 127
860 219
939 225
894 226
940 227
990 212
765 228
274 229
225 230
788 231
947 232
132 233
198 234
177 235
794 236
415 237
89 238
397 239
487 240
444 241
433 242
759 243
838 244
321 7
515 37
127 245
627 246
386 247
463 248
450 249
717 231
84 101
670 250
336 251
148 252
530 253
273 51
304 59
684 254
340 161
546 217
880 255
247 256
771 257
1001 258
735 259
168 260
497 261
383 262
475 263
694 264
106 265
185 266
966 267
70 28
150 144
649 40
934 268
293 165
428 43
849 269
416 270
586 202
316 205
770 271
878 272
537 200
796 273
394 232
16 257
572 225
189 42
108 133
243 274
380 30
507 275
723 276
255 277
932 278
332 279
686 280
842 281
441 282
976 283
836 284
919 283
815 285
401 252
242 60
841 286
890 287
652 288
372 52
254 289
50 290
981 291
1003 292
901 293
887 294
331 295
661 296
829 297
75 298
949 299
426 300
144 301
96 11
654 302
745 303
88 78
625 304
388 305
65 306
626 307
719 308
797 309
756 310
95 311
792 312
727 313
458 239
904 314
636 315
29 5
32 302
228 124
490 316
211 31
699 279
314 61
958 317
209 147
569 171
891 318
687 266
766 319
404 320
107 213
381 131
256 277
138 285
105 282
542 260
232 311
104 305
240 321
560 209
998 322
51 323
943 324
109 325
113 145
42 326
451 240
454 327
664 264
7 328
139 329
52 308
268 268
623 330
974 331
704 332
811 333
543 186
696 334
377 335
830 336
423 215
744 337
729 338
97 339
994 340
485 341
282 342
604 343
500 344
662 345
663 346
961 347
920 348
238 201
580 349
982 350
440 351
814 352
72 107
15 4
359 353
522 26
606 354
754 53
713 355
22 245
201 204
833 328
351 157
656 356
252 184
310 357
400 251
420 176
424 169
87 274
886 188
266 177
414 358
555 359
176 360
194 258
545 361
790 362
93 360
795 363
355 364
637 365
501 366
799 367
215 368
2 369
14 370
153 371
809 372
327 226
126 88
872 373
821 374
850 375
502 376
286 377
605 224
438 116
617 378
685 379
825 380
279 381
529 382
785 383
102 384
199 375
791 385
709 386
477 387
224 388
45 389
253 390
206 9
0 33
805 391
584 392
725 120
679 80
718 182
30 36
489 233
859 190
250 335
705 249
54 369
37 361
498 48
390 150
425 300
262 222
578 393
208 394
602 103
691 395
536 396
984 371
121 134
124 244
837 397
112 398
669 84
793 143
233 289
457 399
166 179
978 400
344 401
482 261
734 402
212 301
724 403
379 262
639 404
834 405
302 406
922 220
320 8
521 198
935 407
643 290
259 396
251 408
184 409
638 404
720 359
213 410
312 230
752 411
835 207
115 1
868 412
419 38
875 413
673 414
619 415
959 416
61 15
519 372
188 346
68 417
421 175
525 178
595 418
174 419
807 420
154 421
278 422
677 423
103 370
165 408
873 424
721 425
333 288
983 426
712 166
287 155
245 280
347 352
191 99
550 427
398 428
427 429
689 430
938 431
916 432
204 433
368 434
337 435
562 436
952 437
161 438
434 154
603 358
300 263
927 439
510 440
609 441
24 98
292 442
306 193
778 443
845 444
711 445
895 446
488 447
753 400
520 448
960 449
1 450
800 451
324 452
452 122
11 0
218 27
861 140
59 67
667 137
46 229
366 181
77 453
518 296
73 208
407 376
151 162
317 341
410 316
195 394
446 329
678 246
265 196
249 253
343 422
294 399
824 454
642 455
582 456
743 384
339 435
86 237
969 457
534 458
703 459
736 460
871 461
114 421
479 462
589 463
405 102
844 464
92 276
285 304
870 465
910 466
217 467
544 362
229 425
577 393
980 429
160 21
955 468
553 87
827 469
63 269
674 470
813 284
432 467
94 331
157 189
851 471
370 472
600 473
710 437
650 474
429 475
773 476
629 235
552 58
644 85
158 90
857 477
618 89
49 242
47 174
997 478
326 132
385 479
509 121
539 453
131 299
13 167
36 298
474 29
456 480
492 326
641 450
929 475
365 221
951 353
757 481
866 482
220 417
517 151
40 197
839 483
865 444
134 319
257 484
237 321
196 485
962 317
676 486
1000 442
357 327
655 487
210 419
26 472
467 488
993 489
369 490
169 402
504 70
12 438
203 297
33 491
263 492
353 271
197 468
559 493
512 494
412 54
926 439
863 495
514 496
632 497
276 498
291 484
907 499
923 380
147 500
186 501
991 502
205 433
118 19
587 44
241 146
620 73
658 503
914 92
979 265
856 10
346 156
31 110
230 185
657 504
325 77
647 379
971 129
874 306
758 505
101 104
574 506
122 195
99 50
541 368
260 295
129 115
557 507
23 149
697 508
945 509
35 342
702 278
202 436
516 17
269 259
733 96
996 510
459 243
614 511
738 512
17 247
392 434
660 513
4 512
341 514
130 72
402 515
965 516
549 367
882 517
62 93
280 148
897 518
621 519
183 409
335 236
634 520
564 521
527 522
781 519
937 320
387 523
583 524
535 525
568 498
34 526
442 14
175 71
395 46
330 527
538 119
140 136
443 118
445 323
473 32
917 218
133 142
413 170
5 82
159 153
506 228
700 106
896 364
760 528
494 113
468 68
899 529
989 530
313 531
893 532
345 501
164 389
608 382
453 533
975 534
28 39
81 64
526 55
319 535
547 492
963 535
323 345
936 407
57 139
782 536
289 537
308 538
767 539
135 540
946 541
219 542
328 496
646 543
264 256
53 544
881 545
27 272
585 473
508 456
79 507
272 392
297 514
258 292
593 485
548 546
561 547
651 548
701 549
172 487
802 550
178 24
270 123
681 94
877 45
163 105
156 163
786 551
334 81
921 255
295 216
571 377
465 544
235 223
630 490
763 552
808 553
779 554
1004 555
382 556
447 351
682 557
775 558
495 354
532 448
315 390
876 521
804 559
460 488
915 560
364 561
85 275
575 471
119 562
406 100
592 378
64 388
455 406
8 440
128 227
236 563
44 338
170 413
672 564
275 114
607 463
885 294
98 565
659 566
708 565
854 567
82 141
239 568
698 569
21 206
303 415
774 570
848 571
924 238
810 160
737 572
422 74
645 126
60 158
742 511
831 573
58 135
207 234
941 574
740 575
505 194
869 286
902 576
299 25
311 310
476 398
69 191
307 357
772 577
862 578
283 210
116 66
888 579
449 580
90 581
531 333
590 491
499 344
246 410
301 241
533 339
227 582
551 583
599 584
393 112
933 585
288 427
76 291
741 586
149 356
769 493
167 108
248 334
66 35
611 330
437 540
714 587
739 588
892 318
987 589
296 479
483 313
469 387
18 309
221 303
378 523
145 172
348 590
783 591
354 592
6 340
435 203
558 452
216 593
277 537
