308 0
399 1
112 2
433 3
121 4
706 5
367 6
400 7
735 8
292 9
997 10
539 11
345 12
561 13
313 14
167 15
603 16
8 17
411 18
731 19
703 20
799 21
206 22
855 23
318 24
545 25
629 26
401 27
730 28
775 29
848 30
68 31
608 32
872 33
626 34
723 35
899 36
639 37
289 38
567 39
979 40
90 41
832 42
492 43
383 44
683 45
442 46
47 47
722 48
957 49
302 50
339 51
717 52
183 53
472 54
172 55
164 56
544 57
914 58
635 59
225 60
454 61
73 62
663 63
888 64
127 65
62 66
922 67
36 68
428 69
317 70
182 71
140 72
571 73
474 74
470 75
747 76
347 77
451 78
542 1
806 79
648 80
342 81
316 82
874 83
481 84
636 85
781 86
107 87
942 88
187 89
131 90
279 91
458 92
519 93
427 94
658 95
854 96
675 97
625 98
970 99
449 16
58 100
520 101
641 102
857 103
697 104
672 105
489 106
555 107
794 108
689 109
795 110
45 111
562 112
748 113
890 4
310 114
75 115
414 116
515 117
733 118
78 11
190 119
527 120
143 121
100 122
94 123
169 124
847 125
645 104
992 126
106 127
148 128
864 18
66 129
61 130
849 131
939 132
718 133
784 18
505 134
116 135
835 136
156 137
976 138
125 139
453 140
337 141
435 88
243 142
412 64
479 143
989 144
134 145
320 146
386 147
573 148
611 149
391 150
353 151
745 40
33 152
210 153
80 154
81 155
895 156
682 157
415 158
71 159
818 160
38 161
192 162
227 163
307 164
329 165
996 166
99 167
431 168
828 169
406 105
646 90
393 170
968 171
811 172
215 173
358 174
408 175
633 176
488 177
500 178
3 179
467 180
694 181
778 182
931 183
814 184
35 185
460 186
521 187
755 188
224 189
79 190
589 191
763 192
929 193
248 194
110 195
376 196
812 197
331 198
932 199
843 39
907 200
340 201
501 178
817 202
712 203
285 204
7 205
423 206
306 207
661 208
801 209
978 210
249 211
642 212
790 57
823 213
522 214
566 148
756 215
293 216
447 217
652 218
497 172
228 219
77 220
877 197
954 221
628 222
688 223
958 224
46 225
704 226
39 227
193 228
893 229
288 230
413 231
17 232
708 233
654 234
621 86
202 112
840 235
473 236
462 237
593 238
973 239
559 240
441 241
189 242
273 243
740 244
813 245
266 246
977 247
223 248
906 137
217 249
5 250
44 205
369 251
233 252
438 253
276 254
777 255
321 256
834 87
1003 240
177 257
343 12
842 188
900 210
660 258
50 168
260 259
630 251
953 10
155 260
903 200
913 261
896 262
446 263
508 264
380 265
583 187
655 266
705 267
640 268
785 25
859 269
876 270
685 271
933 193
32 272
34 68
264 273
551 274
911 275
586 276
920 277
875 278
89 279
750 79
937 139
158 280
59 281
87 34
752 282
251 283
863 284
126 285
693 286
845 287
366 286
690 288
395 289
144 43
972 261
152 290
741 291
631 292
553 293
384 294
180 232
402 128
925 295
6 296
981 120
952 297
581 33
469 298
102 299
284 300
23 68
613 301
336 302
218 303
282 304
298 305
668 306
998 307
213 308
387 131
990 309
229 310
766 145
269 311
868 146
945 312
955 313
398 314
232 132
498 100
509 315
858 207
422 316
186 317
195 318
24 319
171 320
60 321
97 322
523 214
727 323
609 324
662 325
700 326
885 327
258 328
816 329
967 330
485 70
137 124
862 255
552 331
995 203
524 332
18 333
759 334
96 335
575 336
802 55
866 154
496 67
687 337
10 338
918 339
951 49
904 256
963 340
713 341
157 306
199 342
830 343
388 294
746 344
439 345
291 346
141 155
602 347
178 26
917 99
330 62
444 46
465 348
762 349
987 58
504 330
709 350
159 292
272 351
1004 133
357 61
74 114
21 352
114 353
403 354
333 156
417 110
928 85
650 173
480 355
205 295
88 356
244 357
429 358
961 359
117 301
490 360
1 361
26 362
168 353
262 363
588 364
782 365
92 366
960 367
139 368
43 134
82 369
300 370
211 298
419 371
800 372
786 348
64 373
237 374
550 89
936 375
1000 9
421 376
418 119
477 41
216 377
246 378
738 379
829 380
882 381
838 382
407 383
614 384
699 385
13 53
123 386
424 387
791 388
541 389
982 390
15 391
456 373
378 392
638 37
374 393
568 254
525 394
373 395
761 170
163 396
853 369
299 23
119 329
392 397
530 216
540 297
881 335
926 183
664 181
677 398
769 66
565 399
569 182
537 163
241 400
844 401
889 402
716 192
503 383
734 300
788 52
826 276
669 403
231 404
283 282
698 405
808 406
975 239
420 403
332 32
506 407
124 382
354 322
348 81
466 229
873 27
879 247
852 158
739 408
270 117
440 231
484 409
28 135
111 74
673 410
665 411
247 412
1001 42
67 413
594 414
827 407
25 68
351 336
749 15
592 415
146 416
51 244
135 362
145 417
680 265
999 417
176 418
181 147
301 103
200 419
754 399
208 285
57 284
290 420
375 402
405 421
430 422
710 76
147 423
76 138
42 212
326 424
91 144
191 425
796 169
72 332
579 377
831 328
919 125
959 367
548 426
445 30
590 272
984 129
253 427
41 209
142 428
103 429
86 430
944 113
287 262
670 431
634 59
185 350
394 222
314 432
971 433
507 142
491 65
572 434
966 435
556 436
839 359
113 437
570 326
54 411
271 438
725 439
319 440
222 275
870 441
303 225
924 287
695 219
312 442
554 443
901 390
179 77
138 309
988 319
19 211
322 263
173 444
133 401
647 271
805 174
719 445
850 342
980 446
516 349
151 447
274 358
296 448
365 191
295 449
194 450
389 451
819 72
950 17
364 452
821 396
529 453
286 73
792 4
234 357
468 28
450 267
584 351
278 454
737 438
612 388
940 455
30 324
16 127
396 0
476 2
892 456
833 457
22 185
252 98
657 311
377 458
620 420
671 274
463 237
757 6
935 122
912 459
886 243
363 452
947 321
174 96
256 448
397 460
160 461
563 409
637 252
666 462
846 463
9 464
587 374
686 465
969 315
991 101
250 291
837 226
643 466
37 227
350 467
772 468
239 280
334 217
815 469
865 450
910 307
55 379
921 269
0 470
214 471
898 84
871 404
880 469
793 22
122 386
323 268
943 449
974 123
188 472
219 432
85 180
294 473
804 246
869 71
280 474
883 302
404 337
836 5
707 475
807 162
277 38
820 476
487 177
770 151
12 166
776 150
409 60
653 477
154 221
162 317
245 439
758 121
956 308
715 21
335 108
528 395
851 471
618 325
109 387
443 478
27 48
371 479
165 480
311 215
221 481
104 397
48 466
370 206
780 482
130 483
574 474
70 249
585 451
615 372
170 278
344 184
599 233
52 484
324 107
416 433
502 393
578 428
927 153
275 485
482 443
494 486
257 346
985 196
457 235
600 364
459 334
201 487
774 204
601 316
878 152
209 368
742 384
884 64
905 82
514 165
236 488
478 195
220 31
549 489
595 484
526 365
65 441
379 490
751 476
533 413
532 331
644 423
31 447
105 480
161 462
841 442
207 419
341 194
510 394
101 491
916 116
390 289
259 160
773 421
729 241
115 140
607 426
736 430
461 8
994 296
368 485
825 35
434 398
597 186
2 36
132 492
304 50
40 493
797 333
768 167
721 310
860 141
604 92
627 475
238 494
538 424
923 118
281 45
385 392
822 434
619 279
349 363
240 400
702 199
129 126
309 189
150 460
897 495
691 496
346 473
543 223
242 488
696 164
941 242
261 446
235 440
360 422
711 497
305 450
359 453
512 260
352 429
591 371
726 361
495 410
486 498
69 341
315 93
678 7
580 499
948 143
49 159
128 313
946 102
743 299
493 202
153 500
1002 29
564 270
598 293
938 149
455 47
894 338
426 366
624 248
867 201
410 360
783 234
606 410
930 340
338 345
534 245
83 491
499 459
11 412
198 109
471 54
382 490
436 253
547 320
617 415
764 198
425 83
856 457
605 463
651 94
965 375
328 486
676 69
789 136
753 115
684 501
596 303
268 481
701 13
372 414
909 502
475 370
809 492
197 238
356 503
518 472
728 259
744 504
692 483
558 78
204 505
464 436
667 355
53 354
263 495
557 220
760 391
381 130
226 506
108 218
720 385
779 416
535 56
118 91
610 281
536 305
674 213
355 503
483 323
732 507
362 208
513 500
810 356
166 381
531 465
546 502
993 175
767 236
649 376
724 461
175 230
93 455
327 444
560 508
902 250
986 75
891 456
120 190
681 157
983 437
212 427
14 51
765 378
20 288
452 343
437 478
656 257
623 14
203 380
887 327
949 405
325 312
798 509
136 283
432 3
184 171
265 464
582 264
632 445
511 389
824 425
448 111
908 339
255 290
576 418
787 352
861 467
616 347
63 454
622 494
679 63
98 479
934 489
771 106
964 493
517 318
4 179
196 487
230 277
577 304
56 450
95 505
361 24
297 470
29 508
803 228
915 161
714 498
254 506
659 458
149 266
267 273
84 482
962 224
