0  347
1  30
2  346
3  345
4  344
5  343
6  342
7  341
8  340
9  339
10  338
11  337
12  336
13  335
14  334
15  333
16  332
17  331
18  330
19  329
20  328
21  327
22  40
23  326
24  325
25  114
26  309
27  324
28  323
29  322
30  321
31  320
32  315
33  317
34  319
35  318
36  319
37  317
38  316
39  308
40  315
41  314
42  313
43  312
44  312
45  311
46  310
47  309
48  308
49  241
50  21
51  307
52  10
53  306
54  305
55  304
56  303
57  302
58  301
59  300
60  299
61  298
62  297
63  296
64  295
65  294
66  293
67  30
68  292
69  291
70  215
71  102
72  44
73  290
74  289
75  50
76  1
77  280
78  24
79  288
80  287
81  286
82  285
83  284
84  283
85  282
86  281
87  280
88  212
89  279
90  212
91  278
92  277
93  276
94  275
95  274
96  273
97  136
98  238
99  343
100  272
101  347
102  136
103  271
104  100
105  270
106  269
107  268
108  267
109  307
110  261
111  111
112  6
113  266
114  265
115  264
116  263
117  234
118  262
119  315
120  107
121  261
122  206
123  260
124  259
125  126
126  304
127  109
128  258
129  257
130  215
131  256
132  255
133  254
134  112
135  315
136  224
137  253
138  252
139  251
140  250
141  249
142  248
143  247
144  32
145  246
146  245
147  244
148  109
149  243
150  106
151  242
152  241
153  240
154  239
155  238
156  214
157  237
158  236
159  235
160  234
161  233
162  232
163  231
164  230
165  229
166  228
167  227
168  226
169  225
170  224
171  223
172  222
173  221
174  220
175  301
176  219
177  218
178  217
179  216
180  215
181  214
182  213
183  212
184  211
185  126
186  8
187  210
188  209
189  208
190  207
191  206
192  136
193  301
194  205
195  204
196  203
197  201
198  202
199  201
200  200
201  200
202  202
203  200
204  5
205  200
206  199
207  202
208  305
209  198
210  197
211  196
212  195
213  194
214  193
215  192
216  2
217  241
218  191
219  330
220  109
221  190
222  189
223  188
224  141
225  145
226  187
227  109
228  17
229  186
230  111
231  185
232  184
233  183
234  182
235  235
236  181
237  180
238  179
239  335
240  112
241  3
242  3
243  178
244  3
245  177
246  312
247  19
248  141
249  176
250  103
251  175
252  174
253  173
254  172
255  171
256  170
257  109
258  169
259  44
260  289
261  168
262  110
263  167
264  166
265  165
266  164
267  121
268  163
269  162
270  234
271  161
272  160
273  159
274  311
275  158
276  28
277  2
278  157
279  269
280  156
281  155
282  154
283  153
284  152
285  151
286  150
287  211
288  149
289  156
290  148
291  212
292  222
293  312
294  128
295  147
296  102
297  331
298  11
299  211
300  146
301  145
302  12
303  144
304  332
305  143
306  142
307  2
308  24
309  141
310  160
311  117
312  306
313  28
314  140
315  17
316  108
317  104
318  139
319  3
320  138
321  137
322  311
323  136
324  2
325  327
326  104
327  135
328  247
329  134
330  76
331  8
332  121
333  133
334  230
335  311
336  224
337  132
338  131
339  130
340  129
341  289
342  128
343  212
344  218
345  206
346  214
347  214
348  206
349  216
350  109
351  127
352  200
353  126
354  136
355  125
356  124
357  123
358  122
359  121
360  121
361  120
362  119
363  118
364  118
365  109
366  117
367  116
368  115
369  144
370  114
371  113
372  313
373  112
374  61
375  111
376  110
377  109
378  102
379  108
380  107
381  106
382  108
383  108
384  102
385  100
386  102
387  105
388  110
389  104
390  103
391  104
392  102
393  102
394  101
395  100
396  102
397  99
398  108
399  201
400  98
401  97
402  109
403  109
404  96
405  95
406  46
407  8
408  94
409  93
410  134
411  92
412  91
413  90
414  73
415  73
416  2
417  89
418  207
419  88
420  87
421  102
422  86
423  85
424  84
425  83
426  82
427  81
428  11
429  80
430  79
431  241
432  232
433  232
434  78
435  294
436  264
437  77
438  76
439  131
440  75
441  74
442  0
443  73
444  72
445  307
446  23
447  71
448  70
449  73
450  69
451  165
452  68
453  67
454  283
455  66
456  95
457  2
458  65
459  64
460  63
461  11
462  221
463  221
464  62
465  121
466  61
467  208
468  109
469  111
470  2
471  224
472  67
473  60
474  59
475  146
476  58
477  134
478  58
479  106
480  57
481  56
482  55
483  54
484  50
485  1
486  53
487  61
488  37
489  52
490  60
491  103
492  4
493  51
494  50
495  49
496  119
497  224
498  48
499  47
500  312
501  312
502  312
503  312
504  46
505  2
506  45
507  140
508  208
509  44
510  336
511  206
512  234
513  43
514  111
515  42
516  204
517  204
518  41
519  234
520  40
521  104
522  51
523  105
524  -1
525  39
526  38
527  1
528  206
529  37
530  35
531  36
532  302
533  35
534  69
535  338
536  211
537  34
538  277
539  50
540  211
541  232
542  222
543  33
544  10
545  317
546  32
547  0
548  31
549  30
550  210
551  78
552  29
553  283
554  2
555  312
556  62
557  200
558  121
559  234
560  28
561  221
562  27
563  160
564  26
565  336
566  122
567  148
568  212
569  25
570  19
571  112
572  109
573  122
574  294
575  127
576  219
577  118
578  118
579  316
580  -1
581  24
582  30
583  104
584  148
585  222
586  204
587  342
588  317
589  123
590  315
591  273
592  23
593  22
594  285
595  10
596  117
597  17
598  129
599  236
600  226
601  302
602  35
603  73
604  302
605  73
606  49
607  224
608  121
609  321
610  302
611  104
612  21
613  178
614  262
615  20
616  64
617  162
618  10
619  302
620  281
621  215
622  179
623  69
624  335
625  344
626  280
627  2
628  108
629  217
630  144
631  198
632  110
633  -1
634  -1
635  11
636  196
637  182
638  49
639  49
640  113
641  285
642  327
643  3
644  10
645  73
646  196
647  239
648  -1
649  312
650  192
651  145
652  134
653  -1
654  301
655  227
656  217
657  162
658  -1
659  109
660  -1
661  19
662  259
663  210
664  228
665  301
666  228
667  211
668  237
669  20
670  -1
671  4
672  340
673  49
674  45
675  -1
676  71
677  201
678  211
679  335
680  107
681  336
682  336
683  302
684  -1
685  18
686  106
687  126
688  33
689  33
690  327
691  -1
692  185
693  117
694  257
695  17
696  141
697  137
698  16
699  37
700  122
701  221
702  268
703  -1
704  268
705  184
706  112
707  121
708  13
709  126
710  208
711  -1
712  344
713  44
714  112
715  291
716  343
717  64
718  155
719  102
720  8
721  317
722  316
723  2
724  131
725  114
726  331
727  62
728  221
729  312
730  335
731  -1
732  -1
733  75
734  347
735  23
736  234
737  161
738  15
739  336
740  285
741  271
742  32
743  136
744  -1
745  67
746  -1
747  14
748  13
749  10
750  -1
751  10
752  153
753  315
754  2
755  -1
756  262
757  118
758  117
759  261
760  23
761  102
762  204
763  343
764  109
765  39
766  112
767  261
768  136
769  297
770  126
771  332
772  -1
773  -1
774  151
775  28
776  200
777  2
778  2
779  245
780  283
781  10
782  109
783  248
784  92
785  326
786  199
787  327
788  -1
789  157
790  -1
791  21
792  261
793  13
794  311
795  89
796  126
797  185
798  -1
799  2
800  93
801  10
802  -1
803  301
804  61
805  122
806  12
807  343
808  -1
809  12
810  3
811  129
812  11
813  158
814  10
815  302
816  315
817  158
818  30
819  159
820  10
821  234
822  212
823  329
824  206
825  142
826  303
827  45
828  20
829  105
830  68
831  169
832  204
833  297
834  268
835  51
836  112
837  268
838  311
839  109
840  226
841  115
842  196
843  148
844  2
845  9
846  -1
847  1
848  129
849  7
850  32
851  215
852  330
853  285
854  220
855  238
856  8
857  234
858  -1
859  7
860  131
861  109
862  2
863  -1
864  92
865  303
866  273
867  273
868  138
869  216
870  97
871  185
872  213
873  83
874  83
875  -1
876  26
877  11
878  324
879  -1
880  302
881  273
882  228
883  132
884  91
885  328
886  346
887  328
888  91
889  111
890  261
891  311
892  311
893  61
894  135
895  89
896  6
897  167
898  111
899  346
900  224
901  -1
902  343
903  22
904  137
905  331
906  214
907  22
908  100
909  212
910  294
911  286
912  61
913  8
914  323
915  316
916  73
917  5
918  201
919  0
920  294
921  9
922  28
923  104
924  9
925  133
926  236
927  3
928  196
929  23
930  178
931  3
932  4
933  311
934  129
935  272
936  212
937  272
938  104
939  184
940  258
941  -1
942  294
943  -1
944  -1
945  93
946  285
947  101
948  106
949  302
950  3
951  312
952  286
953  315
954  280
955  10
956  8
957  329
958  44
959  109
960  109
961  109
962  44
963  3
964  112
965  212
966  208
967  39
968  211
969  44
970  10
971  2
972  44
973  2
974  5
975  2
976  1
977  3
978  264
979  -1
980  81
981  0
982  -1
983  265
984  133
985  110
986  168
987  260
988  325
989  134
990  205
991  91
992  -1
993  94
994  342
995  -1
996  336
997  325
998  294
999  246
1000  199
1001  346
1002  28
1003  169
1004  304
